1 12.3 0.3 1.12
2 12.09 0.3 1.12
3 11.45 0 1.12
4 11.44 0 1.11
5 10.35 0 1.16
6 10.3 0 1.25
7 10.29 0 1.35
8 10.33 0 1.48
9 11 0 2.3
10 11.43 0 2.3
11 12.09 0.3 2.3
12 12.3 0.3 2.3
13 12.3 0.3 2.14
14 12.09 0.3 2.14
15 11.46 0 2.14
16 11.45 0 1.28
17 12.09 0.3 1.28
18 12.3 0.3 1.28
19 12.3 0.7 1.12
20 12.09 0.7 1.12
21 11.45 1 1.12
22 11.44 1 1.11
23 10.35 1 1.16
24 10.3 1 1.25
25 10.29 1 1.35
26 10.33 1 1.48
27 11 1 2.3
28 11.43 1 2.3
29 12.09 0.7 2.3
30 12.3 0.7 2.3
31 12.3 0.7 2.14
32 12.09 0.7 2.14
33 11.46 1 2.14
34 11.45 1 1.28
35 12.09 0.7 1.28
36 12.3 0.7 1.28
37 12.42 0.36 1.29
38 12.44 0.5 1.3
39 12.41 0.63 1.29
40 12.42 0.36 1.12
41 12.44 0.5 1.12
42 12.41 0.63 1.12
43 12.42 0.36 2.3
44 12.44 0.5 2.3
45 12.41 0.63 2.3
46 12.42 0.36 2.14
47 12.44 0.5 2.14
48 12.41 0.63 2.14
49 11.7 0.6 1.12
50 11.67 0.49 1.12
51 11.75 0.39 1.12
52 11.86 0.42 1.12
53 11.89 0.53 1.12
54 11.83 0.62 1.12
55 11.7 0.6 2.3
56 11.67 0.49 2.3
57 11.75 0.39 2.3
58 11.86 0.42 2.3
59 11.89 0.53 2.3
60 11.83 0.62 2.3
61 11 0 2.3 
62 11.4 0 2.3
63 11 0 2.72
64 10.85 0 2.62
65 11 0.2 2.3 
66 11.4 0.2 2.3
67 11 0.2 2.72
68 10.85 0.2 2.62
69 11 0.8 2.3 
70 11.4 0.8 2.3
71 11 0.8 2.72
72 10.85 0.8 2.62
73 11 1 2.3 
74 11.4 1 2.3
75 11 1 2.72
76 10.85 1 2.62

77 10.43 0.3 1.14
78 10.54 0.3 1.14
79 10.65 0.3 1.16
80 10.72 0.3 1.24
81 10.76 0.3 1.38
82 10.75 0.3 1.49
83 10.65 0.3 1.61
84 8.31 0.3 4.39
85 7.32 0.3 5.21
86 5.29 0.3 6.1
87 5.12 0.3 6.11
88 5 0.3 6
89 4.97 0.3 5.89
90 4.99 0.3 5.77
91 6.84 0.3 3.63
92 10.43 0.8 1.14
93 10.54 0.8 1.14
94 10.65 0.8 1.16
95 10.72 0.8 1.24
96 10.76 0.8 1.38
97 10.75 0.8 1.49
98 10.65 0.8 1.61
99 8.31 0.8 4.39
100 7.32 0.8 5.21
101 5.29 0.8 6.1
102 5.12 0.8 6.11
103 5 0.8 6
104 4.97 0.8 5.89
105 4.99 0.8 5.77
106 6.84 0.8 3.63
107 8.34 0.3 4.94
108 7.94 0.3 5.32
109 8.34 0.8 4.94
110 7.94 0.8 5.32
111 8.31 0.4 4.39
112 7.32 0.4 5.21
113 8.34 0.4 4.94
114 7.94 0.4 5.32
115 8.31 0.7 4.39
116 7.32 0.7 5.21
117 8.34 0.7 4.94
118 7.94 0.7 5.32

119 8.71 0.4 4.25
120 8.87 0.4 4.42
121 9.07 0.4 4.27
122 8.94 0.4 4.08
123 8.71 0.7 4.25
124 8.87 0.7 4.42
125 9.07 0.7 4.27
126 8.94 0.7 4.08

127 3.04 0.4 1.66
128 5.91 0.4 6.58
129 5.93 0.4 6.7
130 5.88 0.4 6.8
131 5.76 0.4 6.87
132 5.65 0.4 6.86
133 4.67 0.4 6.34
134 4.59 0.4 6.27
135 4.54 0.4 6.16
136 4.27 0.4 4.53
137 2.76 0.4 1.78
138 2.77 0.4 1.67
139 2.85 0.4 1.6
140 2.94 0.4 1.59

141 3.04 0.7 1.66
142 5.91 0.7 6.58
143 5.93 0.7 6.7
144 5.88 0.7 6.8
145 5.76 0.7 6.87
146 5.65 0.7 6.86
147 4.67 0.7 6.34
148 4.59 0.7 6.27
149 4.54 0.7 6.16
150 4.27 0.7 4.53
151 2.76 0.7 1.78
152 2.77 0.7 1.67
153 2.85 0.7 1.6
154 2.94 0.7 1.59

155 8.28 0.4 4.83
156 8.16 0.4 4.69
157 11 0.4 2.5
158 11.18 0.4 2.54
159 8.28 0.7 4.83
160 8.16 0.7 4.69
161 11 0.7 2.5
162 11.18 0.7 2.54

163 3.46 0.4 3.92
164 3.7 0.4 3.77
165 3.58 0.4 3.56
166 3.36 0.4 3.69
167 3.46 0.7 3.92
168 3.7 0.7 3.77
169 3.58 0.7 3.56
170 3.36 0.7 3.69

171 4.58 0.4 5.90
172 4.79 0.4 5.67
173 2.36 0.4 1.41
174 2.11 0.4 1.60

175 4.58 0.7 5.90
176 4.79 0.7 5.67
177 2.36 0.7 1.41
178 2.11 0.7 1.60

179 2.51 0.4 1.75
180 2.37 0.4 1.55
181 3.11 0.4 1.29
182 3.16 0.4 1.7

183 2.51 0.7 1.75
184 2.37 0.7 1.55
185 3.11 0.7 1.29
186 3.16 0.7 1.7

187 3.17 0 1.8
188 3.11 0 1.21
189 3.78 0 0.85
190 4.13 0 0.85
191 4.24 0 0.92
192 4.29 0 1.02
193 4.4 0 2.27
194 3.17 1 1.8
195 3.11 1 1.21
196 3.78 1 0.85
197 4.13 1 0.85
198 4.24 1 0.92
199 4.29 1 1.02
200 4.4 1 2.27

201 10.52 0.3 1.36
202 10.52 1 1.36

203 5.25 0.3 5.84
204 5.25 0.1 5.84

205 2.91 0.4 1.67
206 2.91 0.7 1.67
CARAS:
1 2 3 4 5 6 7 8 9 10 11 12 13 14 15 16 17 18.18 17 16 15
14 13 12 11 10 9 8 7 6 5 4 3 2 1. 
10 15 13 12.12 13 15 10.
1 18 16 3.3 16 18 1.
19 36 34 21.21 34 36 19.
28 33 31 30.30 31 33 28. 
18 39 38 37 36.36 37 38 39 18.
10 15 16 3 4 5 6 7 8 9.9 8 7 6 5 4 3 16 15 10.
18 37 38 39 36.36 39 38 37 18.
1 40 41 42 19.19 42 41 40 1.
1 18 37 40.40 37 18 1. 
37 40 41 38.38 41 40 37.
38 41 42 39.39 42 41 38.
19 36 39 42.42 39 19 36.
16 34 35 36 18.18 36 35 34 16.
8 9 27 26.26 27 9 8.
8 26 25 7.7 25 26 8.
25 7 6 24.24 6 7 25.
6 24 23 5.5 23 24 6.
5 23 22 4.4 22 23 5.
12 30 29 28 27 9 10 11.11 10 9 27 28 29 30 12. 
22 34 33 32 31 30 29 28 27 26 25 24 23.23 24 25 26 27 28 29 30 31 32 33 34 22.
12 13 46 43.43 46 13 12.
43 46 47 44.44 47 46 43.
47 44 45 48.48 45 44 47.
45 48 31 30.30 31 48 45.
15 16 34 33.33 34 16 15.
15 33 32 31 46 47 48.48 47 46 31 32 33 15.
12 43 44 45 30.30 45 44 43 12.
1 19 20 21 3 2.2 3 21 20 19 1.
49 50 51 52 53 54.54 53 52 51 50 49.
55 56 57 58 59 60.60 59 58 57 56 55.
49 55 56 50.50 56 55 49.
50 56 57 51.51 57 56  50.
51 57 58 52.52 58 57 51.
52 58 59 53.53 59 58 52.
53 59 60 54.54 60 59 53.
54 60 55 49.49 55 60 54.
61 62 63 64.64 63 62 61.
65 66 67 68.68 67 66 65.
61 65 66 62.62 66 65 61.
62 65 67 63.63 67 65 62.
63 67 68 64.64 68 67 63.
64 68 65 61.61 65 68 64.
69 70 71 72.72 71 70 69.
73 74 75 76.76 75 74 73.
69 73 74 70.70 74 73 69.
69 73 76 72.72 76 73 69.
72 76 75 71.71 75 76 72.
77 78 79 80 81 82 83 84 85 86 87 88 89 90 91.91 90 89 88 87 86 85 84 83 82 81 80 79 78 77.
92 93 94 95 96 97 98 99 100 102 103 104 105 106.106 105 104 103 102 100 99 98 97 96 95 94 93 92.
84 85 108 107.107 108 85 84.
99 100 110 109.109 110 100 99.
83 84 99 98.98 99 84 83.
85 86 101 100.100 101 86 85.
77 91 106 92.92 106 91 77.
91 90 105 106.106 105 90 91.
86 101 102 87.87 102 101 86.
87 102 103 88.88 103 102 87.
88 103 104 89.89 104 103 88.
104 89 90 105.105 90 89 104.
77 78 93 92.92 93 78 77.
78 79 94 93.93 94 79 78.
79 80 95 94.94 95 80 79.
80 81 96 95.95 96 81 80.
81 82 97 96.96 97 82 81.
111 112 114 113.113 114 112 111.
115 116 118 117.117 118 116 115.
99 109 117 115.115 117 109 99.
84 107 113 111.111 113 107 84.
85 108 114 112.112 114 108 85.
100 118 110 116.116 110 118 100.
111 112 115 116.116 115 112 111.
119 120 121 122.122 121 120 119.
123 124 125 126.126 125 124 123.
119 120 124 123.123 124 120 119.
121 122 126 125.125 126 122 121.
119 122 126 123.123 126 122 119.
120 121 125 124.124 125 121 120.
127 128 129 130 131 132 133 134 135 136 137 138 139 140.140 139 138 137 136 135 134 133 132 131 130 129 128 127.
141 142 143 144 145 146 147 148 149 150 151 152 153 154.
154 153 152 151 150 149 148 147 146 145 144 143 142 141. 
127 128 142 141.141 142 128 127.
132 133 147 146.146 147 133 132.
135 136 150 149.149 150 136 135.
136 137 151 150.150 151 137 136.
128 142 143 129.129 143 142 128.
129 143 144 130.130 144 143 129.
133 134 148 147.147 148 134 133.
134 148 149 135.135 149 148 134.
137 151 152 138.138 152 151 137.
152 138 139 153.152 139 138 152.
139 153 154 140.140 154 153 139.
155 156 157 158.158 157 156 155.
159 160 161 162.162 161 160 159.
155 156 160 159.159 160 156 155.
155 158 162 159.159 162 158 155.
156 157 161 160.160 161 157 156.
163 164 165 166.166 165 164 163.
167 168 169 170.170 169 168 167.
163 164 168 167.167 168 164 163.
165 166 170 169.169 170 166 165.
171 172 173 174.174 173 172 171.
175 176 177 178.178 177 176 175.
171 172 176 175.175 176 172 171.
173 174 178 177.177 178 174 173.
171 174 178 175.175 178 174 171.
172 173 176 177.177 176 173 172.
179 180 181 182.182 181 180 179.
183 184 185 186.186 185 184 183.
179 180 184 183.183 184 180 179.
179 182 186 183.183 186 182 179.
181 182 186 185.185 186 182 181. 
180 181 185 184.184 185 181 180.
187 188 189 190 191 192 193.193 192 191 190 189 188 187.
194 195 196 197 198 199 200.200 199 198 197 196 195 194.
192 193 200 199.199 200 193 192.
187 188 195 194.194 195 188 187.
188 189 196 195.195 196 189 188.
189 190 197 196.196 197 190 189.
190 191 198 197.197 198 191 190.
191 192 199 198.198 199 192 191.